{"nbformat":4,"nbformat_minor":0,"metadata":{"colab":{"provenance":[],"authorship_tag":"ABX9TyOtxcfydEzTkpyY0wGKo2mW"},"kernelspec":{"name":"python3","display_name":"Python 3"},"language_info":{"name":"python"}},"cells":[{"cell_type":"code","execution_count":1,"metadata":{"colab":{"base_uri":"https://localhost:8080/"},"id":"718CPJop5oDl","executionInfo":{"status":"ok","timestamp":1689329862705,"user_tz":-330,"elapsed":83225,"user":{"displayName":"21B01A5496 AI & DS","userId":"13233573941799755573"}},"outputId":"6c1d064f-8494-45e0-c758-e78b27a52656"},"outputs":[{"output_type":"stream","name":"stdout","text":["Enter the number of rows: 3\n","Enter the number of columns: 3\n","Enter the elements of the matrix (3x3):\n","2 3 4 \n","5 3  8 \n","6 5 9\n","Enter the elements of the matrix (3x3):\n","1 5 6 \n","6 7 5\n","9 4  8\n","\n","Matrix Addition:\n","3 8 10\n","11 10 13\n","15 9 17\n","\n","Matrix Subtraction:\n","1 -2 -2\n","-1 -4 3\n","-3 1 1\n","\n","Matrix Multiplication:\n","56 47 59\n","95 78 109\n","117 101 133\n","\n","Matrix Transpose:\n","2 5 6\n","3 3 5\n","4 8 9\n","\n","Matrix Inverse:\n","-1.1818181818181812 -0.6363636363636365 1.0909090909090908\n","0.27272727272727293 -0.5454545454545454 0.3636363636363635\n","0.636363636363636 0.7272727272727273 -0.818181818181818\n"]}],"source":["import numpy as np\n","\n","def read_matrix(rows, cols):\n","    matrix = []\n","    print(f\"Enter the elements of the matrix ({rows}x{cols}):\")\n","    for _ in range(rows):\n","        row = [int(x) for x in input().split()]\n","        if len(row) != cols:\n","            raise ValueError(\"Invalid number of columns!\")\n","        matrix.append(row)\n","    return matrix\n","\n","def print_matrix(matrix):\n","    for row in matrix:\n","        print(\" \".join(str(x) for x in row))\n","\n","# Read matrix dimensions from the user\n","rows = int(input(\"Enter the number of rows: \"))\n","cols = int(input(\"Enter the number of columns: \"))\n","\n","# Read matrices from the user\n","matrix1 = read_matrix(rows, cols)\n","matrix2 = read_matrix(rows, cols)\n","\n","# Perform matrix operations\n","add_result = np.add(matrix1,matrix2)\n","sub_result = np.subtract(matrix1, matrix2)\n","mul_result = np.dot(matrix1, matrix2)\n","transpose_result = np.transpose(matrix1)\n","inverse_result = np.linalg.inv(matrix1)\n","\n","# Print the results\n","print(\"\\nMatrix Addition:\")\n","print_matrix(add_result)\n","\n","print(\"\\nMatrix Subtraction:\")\n","print_matrix(sub_result)\n","\n","print(\"\\nMatrix Multiplication:\")\n","print_matrix(mul_result)\n","\n","print(\"\\nMatrix Transpose:\")\n","print_matrix(transpose_result)\n","\n","print(\"\\nMatrix Inverse:\")\n","print_matrix(inverse_result)"]}]}